25
25
25
-1
-1
120
121
121
123
126
123
123
124
123
122
122
122
124
125
124
123
125
125
124
124
-1
108
96
89
81
97
89
84
79
73
71
71
69
67
65
64
65
65
66
67
68
68
65
63
60
59
57
55
55
57
57
58
58
57
57
57
57
57
56
56
56
56
56
56
57
57
57
57
56
56
56
57
57
57
56
56
56
55
56
57
57
57
54
53
53
53
53
52
49
46
46
46
47
48
50
58
71
94
94
94
95
96
96
95
94
95
98
100
114
110
107
105
103
101
98
96
93
91
87
84
80
79
78
76
70
66
67
62
59
59
60
60
56
57
57
57
56
55
52
49
47
47
48
48
49
49
48
48
49
51
63
79
94
98
96
89
84
81
77
74
73
71
70
72
71
71
69
68
66
66
66
68
68
67
67
66
66
67
68
68
68
68
68
68
67
67
67
67
66
67
69
69
71
72
74
73
71
67
69
69
67
64
62
60
59
60
69
76
86
97
109
110
110
106
101
98
98
101
99
97
98
97
99
99
97
98
98
99
98
97
97
96
97
99
98
96
97
97
95
96
97
97
98
93
92
93
93
87
83
83
85
86
85
86
86
87
86
86
87
88
89
90
90
90
89
90
90
90
90
92
91
87
85
75
67
64
64
61
61
62
61
59
59
60
60
58
59
59
60
59
59
58
53
49
48
48
49
49
50
50
50
50
50
50
50
50
50
