75
75
75
75
75
75
75
75
75
75
75
76
77
78
83
86
87
88
89
90
91
93
95
96
99
102
105
110
112
115
118
120
122
122
123
125
127
129
131
137
145
145
145
145
140
136
136
131
126
123
123
120
120
120
116
120
126
126
129
131
133
136
136
135
134
134
135
135
136
138
139
140
140
140
141
142
140
138
137
136
135
134
133
132
132
132
131
130
129
129
129
128
129
128
126
117
115
164
162
110
108
108
108
109
109
109
112
112
112
118
118
118
124
119
113
118
120
122
123
124
125
126
127
126
126
125
123
120
119
118
116
115
115
116
118
120
126
125
116
107
100
99
101
101
101
100
101
101
101
101
100
100
99
99
99
99
99
98
96
94
102
109
107
104
98
89
84
87
90
90
90
90
91
94
97
99
101
104
106
107
110
112
115
116
116
117
116
117
117
118
117
118
115
119
116
110
104
104
91
89
91
92
93
95
98
101
102
106
112
117
120
126
130
136
141
152
159
164
169
170
171
171
176
176
174
172
172
174
175
176
176
177
178
178
177
177
177
177
178
179
179
179
179
